553398197893
 553399461570
 551140072070
 553398353421
 553387140460


  553391070221

  553391596669

  553399416972
 553391414767
 553798336397
 553384655288

  5533991414767
 5533999416972
 5533991070221
 5533991596669
 5533984655288
 5533987140460
 554188031820
 551134897003
 553332714922
 553330256166
 553321015000
 5511915867575
 5518988029627
 553191386186
 553399112862
 554291652477
  


  553388028993
 553399455260
 558581744672
 553733319300
 553138407053
 558007404772
 553138407200
 553899313555
 553193742000
 553130034070
 5527988250674
 553388402980
 553399593218
 552120180800
 551121039753
 551132304672
 551140027007
 553171534214
 558581227111
 5521959120227
 551142002991
 553182301271
 5518996976997
 554784093191
 552231900457
 5511989128797
 553391034597
 552740420092
 559881779663
 967773453190
 5527996089543
 558587310295
 553798242776
 551152530010
 553391805583
 553399362693

 553391291357
 553182878622
 553184663411
 5511948538417
 558394000528
 553299568745
 553199151464
 556381146925
 5516997944864
 553399503182
 553332737905
 5533920008880
 5511912273176
 553388480235
 553399463999
 959793384114
 5517988400113
 553398377621
 551236311163
 553491069568
 5511997135703
 5519981946149
 5519999418959
 5512991904310
 555181094000
 559292332360
 554141414141
 553399858133

  553391087769
 556281939977
 554198974235
 5515988163859
 554185199127
 554789269819
 557798568464
 558398114936
 5511999232466
 5511930332563
 551151988702
 554891405031
 553333013300

  553387627968

  554291281476
 554799569692
 553399477472
 553332754045
 557184816673
 553138016960
 551135225544
 553388007421
 553399411312
 557591867910
 555597287451
 244955924600
 558695096930
 553391321722
 553388555071
 554299872119
 554299548053
 554298571262
 554299804651
 5511981706932
 558198296584
 554299050034
 559181689605
 554284066504
 554298546523
 554299912306
 553492824486
 5513996509611
 559184439383
 554299001618
 554298035638
 554284349804
 554291160507
 558488221056
 559180937162
 554298379096
 554298756749
 554298463794
 554298557648
 554299262262
 554284184725
 558599754578
 554291129115
 557399790774
 554298090276
 554291218442
 554299589696
 554291037509
 554284098674
 554284054723
 554298085153
 556381186896
 554298192140
 554299201990
 554298625442
 554299838121
 554284213172
 554299970439
 554291382783
 554299375426
 5511999202580
 554298564451
 554298164493
 554298644767
 554284232450
 556381372516
 558291019328
 554291248714
 554299130196
 554299186421
 554291074653
 554298644380
 554299656940
 554291320167
 554284238073
 554284161663
 554298479749
 554299495095
 554299868854
 554284239849
 556282581001
 554298391135
 554298234289
 554291188598
 554298170742
 554291567045
 554284215462
 554284297104
 554298087003
 554298296578
 558496410873
 554299681711
 554284097559
 556796143340
 554284218432
 554299228304
 554299903225
 554291159852
 554298584809
 554298218623
 554284134324
 554298617649
 554291399092
 554284124722
 554298490423
 554299208069
 554299330554
 554284235969
 554199003395
 554299003368
 554291280455
 554299244008
 554299254364
 554291135296
 554299676401
 554284080911
 554299709075
 554299488719
 554299198223
 554298445720
 554298737939
 554299192428
 554291525351
 554498622945
 554299633523
 554291062264
 556492153258
 5515997341083
 556884120085
 554999506353
 554299049198
 553493370019
 554291330328
 558897611306
 556892248371
 556593356290
 5511939069961
 556992313637
 553398765156
 554791114494
 556392956967
 554299575952
 5511960909544
 5521972514795
 5521975336362
 558296312439
 5524999920645
 5511963397684
 554184493916
 559284426940
 554288720382
 558799157546
 556282626213
 554284184174
 5515991763804
 559984048988
 559191296046
 554291334133
 5515998015590
 559191067270
 554299196912
 559684297783
 554284030628
 554299694559
 554284264533
 553186555909
 554291233547
 554299024928
 554298648727
 554284057734
 554299799463
 554284264901
 553598836329
 554284021184
 556696822838
 556292617808
 554284392076
 556183362491
 5511976479609
 559691456459
 555189561620
 558788200490
 554298113136
 5521972360011
 554299829050
 556692468461
 554299086948
 557588201149
 5511942038162
 5511915995590
 555199019232
 554299738626
 554299254895
 554291052438
 554792857230
 556281208500
 5517997660719
 558188570023
 555591936358
 556384259775
 554288357224
 559381166351
 556599099537
 558999974371
 5511950652179
 554299345902
 553298280119
 559891015357
 553898853136
 5521995857383
 558388999820
 553399737609
 5513997316805
 553799299177
 5521980007008
 5511940016921
 5521970437801
 558488971699
 559884933689
 556792279420
 554298206742
 557999346597
 556392035514
 554298097264
 5511917038330
 5516981603330
 556792188249
 558799900698
 554298191854
 553398385643
 5517988209001
 555183327194
 556182810496
 5511963515838
 5521986664607
 558781145888
 556192249016
 559885973852
 553791777766
 5511970216598
 244931227493
 244928206993
 557788581699
 556293150386
 5515996528620
 5511960240070
 5521997202695
 5521964013298
 554391000444
 244926051630
 5521981930234
 5511963086800
 244942522136
 556193757895
 244926649267
 5521983983056
 555192401040
 5511933627458
 5516993957015
 557381667518
 5511982049111
 556291482946
 554891083549
 557798691979
 553192460786
 556194446229
 353833277187
 258876390080
 553194949543
 5514997390260
 244933341923
 559491474537
 555192396394
 558186375493
 5519984100346
 553799690256
 5511974544629
 5511952784476
 554388231727
 5513991532960
 554891708110
 5511995880074
 557187264252
 558296018982
 5511976047903
 5512988576321
 5521996463209
 5524992769936
 554599136324
 556199059066
 5513978136793
 5511991131818
 558894473398
 555491359141
 5521993569090
 5511969665717
 5521967704448
 244941363519
 553497689298
 559281467043
 5515991940255
 553182440762
 5511969204243
 5519987313824
 555184794300
 5521988760477
 554498096666
 5511953918229
 556696962774
 557184347527
 5522999319950
 5521995093571
 554298317960
 554184321616
 5511940305523
 556984959998
 5511989848737
 556592935030
 559286470925
 556198534264
 5527988974222
 553798454820
 5543936189504
 5521970632815
 554288134853
 554298173868
 554299286938
 558492237712
 559991193876
 554298382199
 554298354629
 556892052074
 554284034820
 554599459223
 554291052568
 5513988691965
 554488012823
 554299595676
 559684177449
 554299378423
 5515997595333
 559699137868
 558492316567
 555191354409
 554299906277
 5519992655686
 558198456120
 557391331576
 558791472486
 5511913235349
 554299576406
 554299555455
 553491519025
 553184828190
 5511913753346
 244929960918
 244950995609
 559187332840
 244921504946
 558399412262
 5522997632880
 351922242250
 559391924093
 556182229440
 244943248594
 351933773138
 244947753528
 5511960976745
 555193538685
 244924597539
 556281766813
 554184698497
 558183210266
 553591158723
 244952726247
 244925815417
 557488672208
 558488323341
 5511997207384
 5511977846690
 556599923964
 553196066953
 558185888225
 554599917956
 553172094486
 556192068162
 559981216058
 5521990501932
 5516981515808
 557399257758
 244939269958
 555596721179
 553384633316
 5521970582505
 558388343719
 558291071065
 554985027774
 5516982237444
 244938281644
 558288036837
 5512988310372
 5521981292077
 559491801477
 557196462824
 5527998835894
 559391819755
 553591699244
 556299905777
 558698053405
 244928384292
 5521970042051
 554891358351
 244955947869
 5511967344434
 5521964124908
 558196264869
 558192514591
 558194981488
 555484388408
 553192496933
 553196576664
 554396337110
 558586089030
 5524999473215
 244936793777
 351913165483
 553175204995
 556285092740
 559281215675
 5521975054090
 554899569094
 556282348594
 244948418483
 5512991312045
 558187281441
 5511973214784
 5511959037783
 558188890728
 244929669710
 553184446247
 5521999374553
 244938796233
 5511984252934
 5511917891460
 244939070743
 554192674683
 244944382662
 554192377849
 556293271284
 558586204133
 5511956491586
 5515988091795
 558179005420
 555194429015
 553584079488
 5511959957347
 244926329541
 5511917291688
 5511991284559
 554898477404
 5519997904945
 5521998208431
 554999192802
 553175951511
 558781227354
 558581157837
 557981539424
 5511982740134
 5516993239000
 558587016737
 5511973616701
 557591635332
 5513991950700
 556292640231
 5524999539512
 5522998973007
 351915398156
 244931446125
 5516981995878
 5521995454916
 5517997791666
 554195795907
 5524981649754
 5512997731246
 554898411563
 558294208093
 244948372730
 5514997953112
 554792670350
 556281574765
 553182560164
 559183067222
 556192251739
 244923092559
 558195593520
 556784846961
 244935072070
 244921671391
 244948985333
 554288748033
 553491632158
 5521982159408
 558492039516
 558399094851
 5521971386315
 557999288990
 5514998267484
 5511953890022
 553193734088
 557583010181
 244948529828
 556282159526
 553187243447
 559281161819
 556796628466
 5511974957288
 559381183850
 5516991985964
 244936156555
 244930748033
 557791230582
 555190089595
 559281466479
 5511954210088
 559284111016
 5511932178273
 556599170678
 244938951212
 556793180117
 553191549819
 5511981766638
 244932462011
 556198810238
 558196500463
 5515996455919
 557183476600
 556496058729
 558592832549
 244922115065
 5511940752982
 554396103943
 5521969250509
 244931654917
 351928144044
 351910232824
 555399132983
 558498970197
 554398428774
 244928417831
 553596716214
 5511986247139
 557598915416
 554299461369
 554298166110
 554299618111
 554284252935
 559185501916
 554284257651
 554284038895
 554299835537
 554299018119
 554299830598
 554291253789
 554299451276
 554299242457
 554299024096
 554396343997
 5524992169601
 556899398693
 554299585406
 554299070423
 554288742522
 554299727138
 554391542247
 554291071190
 554298367254
 559285153565
 557188405144
 554299101582
 554298219519
 554284359886
 554299417570
 554284233728
 556999637456
 554284010753
 554299899752
 554291435698
 554299144244
 554291434613
 558393122298
 559784186758
 554299095648
 558188784211
 554291556108
 5511965717118
 554298025771
 554298243981
 554299161750
 554298063273
 554699310779
 554298083171
 554298529110
 554291522864
 554388358077
 554299556744
 554298517651
 558398818660
 554288870359
 554299641041
 554299373426
 554284023830
 553491743845
 554298193551
 554298670631
 554299891005
 5522997715059
 559285163112
 5511915915201
 556999976697
 558192746122
 554299591449
 554298420131
 554284095423
 558388652368
 554299680305
 554298736879
 554299367958
 554291535529
 554284357563
 554299442650
 556899000550
 554299181542
 554284239382
 554299435260
 554284346371
 553488683536
 5511984477369
 554298686204
 558288706243
 554299418753
 554288874310
 554298563304
 554299871729
 554299827068
 554299890257
 554299100944
 554298457564
 554291235346
 554299744410
 554991577479
 554298728360
 554291449473
 557991210395
 554291484347
 554299117029
 556481139246
 554299735853
 558491997286
 5515996853788
 553591652722
 554298257170
 556392389219
 555492002723
 554299656679
 554288737895
 554284188670
 554291059844
 554288854558
 557488163771
 554299402177
 554298751668
 554299876472
 554291255278
 554299453244
 554288747088
 554284079455
 555599988471
 554298119420
 5521996231452
 553299201633
 554298351566
 554298059600
 554299308386
 5511995677136
 554299558854
 554288230829
 554491148158
 554298480700
 559376013024
 554298386170
 558388529726
 554299720672
 554298630493
 554284280888
 554291399015
 5514996567795
 554298642108
 5511970631499
 554298032646
 554288268476
 559484316515
 554284171133
 554291392715
 554796666489
 554299206442
 556696550444
 5516997358821
 554291044950
 558393824605
 554298295243
 554299105139
 554284293517
 554299556957
 554298259325
 553199320017
 554298133468
 5519997241364
 554298334509
 554191178375
 554396651556
 554299566115
 554299183643
 554291511361
 554291381857
 554298618451
 554299733540
 554298637906
 554299008281
 554299292847
 5521975166085
 559885536807
 5511933434718
 553171606241
 5515981367017
 558197694348
 244944531641
 5521990944313
 5511977128249
 558196007151
 554399292928
 5511991196498
 553191859170
 556298018126
 244937804598
 351924153642
 244943291250
 5535910027699
 557381549107
 557184338160
 5521981311020
 553799855940
 553798170302
 244932326528
 258870353553
 5511975511894
 244953083454
 559288072492
 559881490595
 558591731270
 244954286009
 5511911971573
 5519982097357
 556992485827
 556298426135
 553197928277
 553598206242
 244924997048
 558594489985
 5516997084970
 553497666535
 559282471701
 5519981551265
 244928328205
 557391029290
 558888137512
 244926834921
 559992106267
 558488654488
 244957109319
 553398276205
 5519995922181
 555196128420
 5524999771342
 351924945316
 5511951233331
 5521971087579
 244926597496
 558197930683
 258857470232
 554799148030
 5521970448422
 556592125207
 554796534287
 244951055547
 244955239636
 244922153850
 5521988225082
 5511917101490
 5513997976672
 244944981029
 244931730194
 5511955400955
 5511978260414
 5527998867583
 558585958307
 5521980477426
 554998402311
 244936161425
 558999244419
 5521972074617
 5521973668710
 244942986603
 244947127415
 559886003899
 244938727953
 5521964228902
 553193050716
 553498695590
 558398478342
 244930439518
 558581215028
 5511953469385
 559491128890
 557998466084
 244945940492
 351925042433
 556184086220
 553799422997
 553584641515
 5524988827095
 556993065838
 5519982149904
 5521964193508
 5517981757222
 556191220440
 558296972106
 818086982196
 5511977425061
 244944749661
 393318872261
 558398734249
 5522998496570
 5515981658246
 556182138877
 553284537530
 559183823318
 558192761219
 244925660228
 5511913455871
 557583446135
 5511968481330
 554491253851
 558496206783
 5521976088132
 244922779623
 555391146028
 5511988752659
 244943076211
 558688922499
 553798363141
 5519991432866
 558597278222
 244923769805
 554396138934
 553194724239
 244924418549
 556181845865
 559884541339
 5521960154311
 351934566919
 557592167348
 258878918628
 556781890333
 553299243785
 244930940738
 558589030104
 559186253389
 558592784245
 556191329870
 558699193751
 558287137343
 244923075524
 553191445281
 244930761214
 553288087237
 5521979232489
 558588127637
 5527999494054
 5512982824574
 557183785856
 5511984166992
 5511982993608
 557491344844
 557582009684
 244945287633
 554891642303
 558399616220
 554791398143
 559185121748
 5521979774571
 554399097202
 5512997836780
 558186396866
 5511987050765
 558499509480
 5518998207988
 558393144545
 5522998947821
 558699127344
 558281858620
 5521993326689
 244929899811
 558387211869
 5521979685883
 555198842979
 558894891666
 554191364145
 559988290047
 557998442647
 554185040808
 5515991268818
 5511953954709
 554699369014
 557388847678
 5521985112959
 553588094420
 557999161472
 5519978277205
 557192075679
 558197177663
 5521997795200
 244930850118
 244927613121
 556193557272
 556182091840
 558596512378
 558599775675
 559281139297
 5518996852045
 351937432045
 558585307806
 556791804101
 5519998361402
 554197680505
 5514998648476
 5511962181425
 5511913519993
 553191345053
 244936986322
 244942062162
 244947736980
 5521979523021
 556194170061
 5516999891945
 14016028908
 5511940677007
 558896371219
 5527997393335
 555196363411
 556696271434
 5519997005706
 5511972939336
 5521995993669
 5513996335435
 244947641774
 244931437915
 244944058293
 244939785068
 554896509046
 5511968353945
 244959883739
 556699539490
 5519984078761
 258858259208
 244935227345
 553884240994
 559183587965
 556492029789
 244923690418
 5527999896830
 554896125126
 244942471071
 553284378302
 557192801123
 553499002615
 244925737933
 559981586951
 557191181916
 554187321971
 5511944836816
 258849669322
 5521997514828
 554599254574
 244926372500
 553599504148
 554888652987
 351939310764
 244947400442
 554396082762
 244936167920
 5521998774643
 557191901844
 5511982273367
 558296619502
 554796623966
 5512991551718
 554188746624
 244939503938
 5521996043729
 5511951410927
 554198107951
 556791869007
 554498157770
 5519981000079
 557998892574
 5519996350213
 559281480330
 5527988800883
 558699636503
 556481516417
 553291244855
 244946628153
 5519983839444
 558695723064
 5511934738412
 244957823411
 5527992018590
 244942553482
 5521990111818
 559491175177
 244946853179
 558599940707
 244951654281
 555185942695
 554195249202
 5521985388398
 553194756272
 5515991454650
 5511958607750
 554784500357
 556291298271
 244931687792
 244934769195
 558299633900
 554198099718
 5511988633990
 558491429494
 554195775105
 558288126811
 559184438702
 553197885465
 554599206638
 558897016706
 559291756858
 244929302831
 556196817181
 554899746079
 5521983619711
 556391011293
 5511992866297
 558499411823
 351938866495
 5521976985536
 244942515887
 5514997176716
 244947670923
 244926709614
 554884143431
 244993053911
 556285793141
 5519981364937
 5527992920604
 557196873453
 5517981917141
 5521992865965
 5511983664998
 244929335933
 558892886550
 553598787436
 244932442397
 554384274997
 351910125200
 5511961741919
 244930048678
 558581992806
 244926882209
 5511994881760
 554599891594
 554799854359
 554784724626
 244934799893
 5513991069356
 5511985267649
 5511933744384
 244934630609
 5511988769474
 5527998834138
 244940453061
 553183583326
 558197906614
 553291772161
 557193224556
 244928488991
 558589595109
 5518997097618
 553492120087
 5511965487397
 558581757759
 554198145014
 556699243737
 559891456473
 244952463964
 59163607553
 553191398091
 244921037284
 5521992061979
 5527997987988
 5511989761699
 351927498126
 556181507908
 556791294771
 244938672420
 258847497736
 5511968676371
 558296596433
 553191140027
 5511962738989
 5521982646297
 5522991010434
 556596022932
 557798453524
 5511994944785
 556294119697
 554191019221
 554991355159
 558186249007
 244930739807
 244942893918
 5511996568082
 558592634094
 556199032797
 559181375041
 555197720047
 559282268907
 559985075753
 558186949915
 553175715394
 5516933005389
 556692403712
 558393223782
 351960213744
 559885303690
 554199848444
 244929379920
 5512996140121
 553491496899
 555581182736
 5511959693200
 553492367826
 244951004120
 5511983133921
 558393349148
 5511991917909
 244937494277
 558892033979
 244935192704
 558197177321
 819060724975
 351910605716
 244949449482
 5518998183660
 244927652513
 5515988037040
 558199067551
 558186588539
 555399014515
 558582083828
 351927327896
 558296025831
 554888557546
 244939817627
 5522997307310
 244922800581
 556185354879
 244943434893
 556796207251
 244921832765
 5522997025554
 553285091907
 244939088618
 556196697995
 556391249775
 258862486630
 553492511558
 5527988125768
 5511984314987
 558194243597
 556699233888
 5515998430126
 244931637507
 258844873927
 5511977918661
 244958455150
 5521966691620
 5511950850325
 244933022270
 553196251724
 244940783446
 5511910119666
 244949756077
 5511954790471
 5522998911070
 556598062193
 5511982057570
 351964275436
 559180470012
 244938026937
 5522999619653
 553498619807
 244938531896
 553192023976
 556182112344
 559291959122
 554789235083
 558488341496
 554499439497
 558597161363
 244948635959
 5514997725720
 556181380786
 558293082998
 244949040876
 553198109173
 559985107243
 557597057808
 557791167859
 558699995198
 5511970887317
 554899529023
 5513997262768
 555198190801
 554196585932
 5516999863766
 351937622994
 556798665296
 556292534986
  